type      = 1 # LINEAR_RAS_TO_RAS
nxforms   = 1
mean      = 0.0000 0.0000 0.0000
sigma     = 1.0000
1 4 4
1.330794453620911e+00 -2.692315960302949e-03 -2.982833655551076e-03 6.783587336540222e-01 
6.937945145182312e-04 1.412395715713501e+00 1.330620944499969e-01 2.233504056930542e+00 
-4.272154183126986e-04 -2.672420814633369e-03 1.429955244064331e+00 -7.739360332489014e-01 
0.000000000000000e+00 0.000000000000000e+00 0.000000000000000e+00 9.999999403953552e-01 
src volume info
valid = 1  # volume info valid
filename = /usr/local/freesurfer/subjects/ANTS3-0Months3T/brainmask_nu.nii.gz
volume = 256 256 256
voxelsize = 1.000000000000000e+00 1.000000000000000e+00 1.000000000000000e+00
xras   = -1.000000000000000e+00 0.000000000000000e+00 0.000000000000000e+00
yras   = 0.000000000000000e+00 0.000000000000000e+00 -1.000000000000000e+00
zras   = 0.000000000000000e+00 1.000000000000000e+00 0.000000000000000e+00
cras   = -3.000000000000000e+00 -8.000000000000000e+00 -7.500000000000000e+00
dst volume info
valid = 1  # volume info valid
filename = ./mni305.cor.nii.gz
volume = 256 256 256
voxelsize = 1.000000000000000e+00 1.000000000000000e+00 1.000000000000000e+00
xras   = -1.000000000000000e+00 0.000000000000000e+00 0.000000000000000e+00
yras   = 0.000000000000000e+00 0.000000000000000e+00 -1.000000000000000e+00
zras   = 0.000000000000000e+00 1.000000000000000e+00 0.000000000000000e+00
cras   = 0.000000000000000e+00 0.000000000000000e+00 0.000000000000000e+00
fscale 0.100000
