type      = 1 # LINEAR_RAS_TO_RAS
nxforms   = 1
mean      = 0.0000 0.0000 0.0000
sigma     = 1.0000
1 4 4
1.312375903129578e+00 -8.764961734414101e-03 6.386714056134224e-03 7.748509049415588e-01 
1.080242171883583e-02 1.462620139122009e+00 1.835255622863770e-01 8.717613220214844e+00 
-6.500858347862959e-03 -6.686545163393021e-02 1.425912857055664e+00 -3.548878908157349e+00 
0.000000000000000e+00 0.000000000000000e+00 0.000000000000000e+00 1.000000000000000e+00 
src volume info
valid = 1  # volume info valid
filename = /usr/local/freesurfer/subjects/ANTS4-5Months3T/brainmask_nu.nii.gz
volume = 256 256 256
voxelsize = 1.000000000000000e+00 1.000000000000000e+00 1.000000000000000e+00
xras   = -1.000000000000000e+00 0.000000000000000e+00 0.000000000000000e+00
yras   = 0.000000000000000e+00 0.000000000000000e+00 -1.000000000000000e+00
zras   = 0.000000000000000e+00 1.000000000000000e+00 0.000000000000000e+00
cras   = -5.000000000000000e-01 -9.500000000000000e+00 -1.000000000000000e+01
dst volume info
valid = 1  # volume info valid
filename = ./mni305.cor.nii.gz
volume = 256 256 256
voxelsize = 1.000000000000000e+00 1.000000000000000e+00 1.000000000000000e+00
xras   = -1.000000000000000e+00 0.000000000000000e+00 0.000000000000000e+00
yras   = 0.000000000000000e+00 0.000000000000000e+00 -1.000000000000000e+00
zras   = 0.000000000000000e+00 1.000000000000000e+00 0.000000000000000e+00
cras   = 0.000000000000000e+00 0.000000000000000e+00 0.000000000000000e+00
fscale 0.100000
